9684
10557
35921
19809
37937
9009
8249
25824
29925
52133
49014
23797
31965
49808
20541
7753
58687
48824
724
54598
35672
27775
37570
54320
38710
4154
1479
5445
48005
63013
63721
36086
17266
34573
3528
50136
26410
8250
20204
57191
21268
13123
55112
13969
4533
24519
54227
19902
4624
6519
11348
837
23819
28886
3650
23574
4534
61672
63613
44589
25330
28610
13461
28195
54939
43015
18654
7336
51197
30174
31150
21092
23140
26461
63041
45772
56841
48783
37665
17180
48946
5905
44714
51286
5546
10797
63660
4038
53146
65385
45790
28601
53029
35904
45077
5084
35693
63760
58280
24646
21704
37594
62451
39449
3789
50677
43484
12985
27074
15674
42739
19849
38464
38935
56192
1446
25041
51185
20623
25639
16320
32661
65405
3466
10086
44332
21343
16584
28161
30144
14537
35463
61197
55278
10352
25740
24680
65314
45300
7174
38974
29002
44611
43574
42864
60069
37240
28863
58607
48888
1389
61435
39531
34896
31308
57333
49791
25293
2030
34501
55526
52820
60291
36573
55244
60138
9150
63471
12076
18246
18183
25460
28072
2748
17446
62713
60041
20690
59062
11341
36831
1301
32995
36539
51058
9794
17003
4875
63121
51185
32043
9229
10396
28314
18622
42395
57505
64200
48136
53758
13218
35385
56455
32864
35154
51301
45748
37368
50401
43044
57447
59867
19584
32168
3285
40061
59781
49026
22765
32404
56823
11970
27095
6488
46092
58860
62736
25143
12760
29879
54710
41057
52393
8065
48157
18752
54545
64825
25330
36931
5201
45569
46927
5275
32339
5940
38551
51926
3675
14417
11430
42774
37142
40600
51832
63737
35329
12313
26571
4749
9612
43568
17682
4625
12839
32640
7418
14633
59797
9894
35263
34172
16183
32034
10574
34082
55316
6638
20246
3769
33784
22722
54004
26581
21822
41671
40125
61192
29606
24415
45828
59166
47039
59399
52473
438
36039
31147
8730
40527
42946
5086
37306
57974
51562
28675
22513
15920
1616
10062
43014
10079
21214
62322
28039
50646
16513
60023
38896
33404
48126
10070
6301
25687
2930
32382
47742
30991
29361
27572
18068
12681
34575
7729
49709
16599
60982
29784
46067
45675
44806
27301
11783
15904
23882
19771
15661
27616
53901
14706
25177
36691
15452
51432
60498
40139
33989
14935
40344
3403
18760
63942
46815
38606
6360
62040
41723
10684
48982
50042
30161
4905
17977
31400
49105
8032
41842
17888
57755
20350
648
10742
50092
63921
11746
57151
17087
46207
63497
52964
40652
5235
3040
51118
5922
18109
16578
27340
40322
54617
18668
54241
9036
10282
14226
27661
41568
35941
11448
49607
17976
65282
16870
16266
21615
39425
16372
36280
60782
11555
28128
45341
61910
13259
63353
45842
13944
24860
41482
64277
23182
25498
14977
59277
41462
12385
58610
38160
61978
9796
5607
54436
48103
6277
62536
51917
10859
57883
29623
36566
17373
31579
64597
58285
58708
50990
39802
3746
12091
59481
49640
11292
23868
3529
38134
47998
22205
19378
64020
33297
61693
29116
17519
11565
49104
27117
56404
7752
526
47970
15501
42033
14731
25852
13559
13319
3948
41335
53097
24137
29780
58896
24294
43393
23272
53548
56710
55334
53876
60852
38176
39709
45511
29722
16030
16848
61225
14826
64907
37954
25819
7657
25991
59247
16640
43087
42992
26746
6012
42462
3496
5217
19323
63623
32055
24552
53268
4779
21949
725
35675
55668
50250
64132
40991
26909
43224
48734
43013
14844
29483
58771
19665
57491
15335
31789
31706
27735
64546
57149
40130
47712
45868
53219
13452
51510
43030
11340
21079
47981
47215
20532
9134
9784
55401
62572
26050
4563
59345
45765
55061
41329
48130
20848
50389
16949
32405
8950
47058
64012
7234
7814
47619
37656
42042
39833
48582
60487
59419
40021
8000
20094
64439
22447
48425
52544
3219
53088
44201
7296
26572
697
29310
61805
64330
5699
1565
43962
37534
11574
47308
16037
63724
54683
42552
54954
54813
44625
17695
43283
61083
16292
26694
30574
38895
2027
55703
16518
694
11748
15926
9599
2253
38511
8598
57829
44678
47996
37531
11074
31910
21033
20444
38611
24516
52964
62007
7071
15845
11282
9863
11182
62972
2601
56240
37368
54185
39993
18521
35459
38193
43271
65375
53538
12251
52296
37306
63399
22616
44129
52324
10311
8043
58574
48979
25351
26510
21243
58205
16075
42012
26693
55093
40800
55059
18294
60028
43677
38057
13059
41201
30448
32111
7157
18900
32405
64820
43911
63503
17239
41052
41953
35357
53438
16184
60122
60358
58546
61763
31935
27450
37548
56707
10482
28145
45611
54138
40716
19278
30796
13795
34116
51853
17545
20355
8326
8749
5057
10123
22529
16464
51574
26628
26982
10338
48950
51813
38057
55837
58504
48692
65129
15415
26573
59597
27370
6236
332
38128
43442
14936
52993
57967
16119
4238
24523
19135
15573
51983
25132
64575
18129
26777
4958
21616
24231
38964
23040
59082
38449
64151
41413
39708
55194
31555
28200
29012
9980
64828
61119
57773
38852
63043
2919
62853
30856
17430
42684
32590
16847
13661
42204
1175
46088
35374
26956
19785
24186
59998
27467
17471
57585
49369
35430
8252
31855
36476
28552
14041
38952
3016
24510
34241
26759
64025
63355
57211
53575
27279
46504
51409
23237
52573
38716
53242
55648
3910
13657
28826
27814
55269
29258
13332
16104
2293
15479
34427
60817
35034
58094
55867
33486
14315
58436
61801
12920
29744
43055
4026
43741
31029
48357
7670
19966
9441
42231
25390
26093
38359
3970
64426
46774
51052
11604
1419
20099
51574
20554
4469
16715
45784
55532
36657
64739
41878
51089
3181
64675
31252
54279
25530
1464
40355
24469
46355
28235
64119
45793
52361
46800
65374
62122
43223
26057
53153
56585
10064
24464
37479
27585
36512
7576
45084
49421
13060
14113
13573
35241
48760
43248
31089
8900
39676
32387
37721
7018
32192
48535
7564
213
23861
20714
11688
6807
626
49508
13992
49261
36343
45360
22881
7820
26974
41783
49703
34870
18505
51004
6666
16856
44148
28535
26109
62972
20482
60563
34378
47458
28530
49272
44954
42137
1891
7051
60576
2811
10898
9032
61059
18963
57202
37067
4753
1899
54299
18875
43001
36870
22428
62222
47193
27187
43745
27347
9313
10946
63055
8540
609
18320
11538
33478
16979
7614
24968
56359
35092
16240
38902
15422
36477
36408
58254
55806
38598
49778
34408
11424
39612
65337
